-435.22222222222223
-393.3333333333333
-443.1818181818182
-504.2
-574.6
-627.0
-403.0
-433.0
-410.75
-258.42857142857144
-507.8
-343.2857142857143
-319.1333333333333
-354.7142857142857
-250.66666666666666
-325.8
-477.6666666666667
-373.90909090909093
-602.6
-359.6
-474.75
-368.25
-319.6
-484.77777777777777
-636.5555555555555
-305.3636363636364
-476.0
-535.0
-628.0
-538.5384615384615
-345.875
-285.0
-392.1666666666667
-438.14285714285717
-444.2307692307692
-381.2857142857143
-589.2
-434.7894736842105
-531.4
-449.75
-478.1818181818182
-407.6666666666667
-388.8
-393.57142857142856
-626.2307692307693
-593.0
-701.6666666666666
-435.44444444444446
-404.0
-438.25
-447.45454545454544
-443.4
-558.25
-341.0
