-442 704 801 -292 377 -509 -710 556 -213 387 66 694 397 -932 762 738 -295 758 -362 -206 -525 -762 322 -21 -515 -149 2 -311 -628 -637 872 -50 -273 -881 380 310
-626 -654 -673 949 -979 102 303 462 818 -521 -526 -375 -197 334 374 -46 -10 -165 -693 -477 -161 477 938 -654 648 -347 -222 -675 -696 66 777 91 332 680 -258 -675 -445 -600 261 546 421 -483 -225 42 258 64 943 401 834 277 -554 -394 909 922 22 -774 181 -499 892 27 569 572 523 -168 -597 352 -781 488 240 -314
-278 758 -689 -476 -31 701 -226 251 863 -818 -815 58 160 67 206 -31 936 86 -140 958 -249 742 706 -944 -371 -749 268 317 810 -759 783 -202 765 -424 -288 521 -853 -527 379 933 -330 -48 346 -445 297
-88 802 164 -844 526 -324 -265 171 -87 -218 172 -376 730 -174 337 989 -487 628 -338 -198 865 -944 -655 579 846 57 280 -66 -888 31
674 -598 768 -288 9 283 -570 -102 866 521 364 183 171 962 402 282 262 -481 725 -386 535 -865 -201 34 -528 -672 508 532 72 -670 43 -175 -778 -924 918 -636 -926 -564 250 962 85 -372 285 -426 -984 -968 963 153 -1 694 258 747 681 301 486 346 399 -927 71 743 247 437 274 375 933 -675 -723 -329 -69 147 -833 938 560
214 307 458 -373 -19 413 828 -827 596 -909 942 -276 865 -831 -728 715 523 857 -717 497 3 405 -514 516 -313 -626 -211 -13 -51 -517 931 -409 -507 592 683 -552 -21 -817 869 949 -387 132 382 -825 243 -185 -39 -80 -39 -343 891 -814 314 241 411 -89 -960 -55 252 -412 -451 208 740 -426 537 683 -311 174
276 -95 -997 -288 650 464 709 286 839 -422 976 486 338 -227 151 29 -395 832 -445 -945 907 990 814 -287 666 526 -369 745 452 -455 596 262 -54 -776
-651 -794 -700 825 255 -827 345 468 -894 -479 656 -213 802 -382 -847 -298 -628 370 207 -158 -809 116 -105 970 -914 833 974 -569 -740 -263 -910 -408 -309 883 -744 184 -274 -489 -771 717 -822 895 -694 -658 -89 19 -742 -426 546 -670 306 762 -343 212 -654 -792 -404 -336 -95 389 -96 -572 54 -589 -222 -267 -375 131 592 -657 -736 539 -349
373 -403 -785 526 -967 -790 -878 444 206 176 -429 -8 -210 562 -960 705 822 575 578 -733 -89 33 -29 -794 -222 815 108 275 -191 506 -380 -945 -620 133 844 69 566 294 -384 972 -709 246 36 325 -860 -638 -92 546 923 992 -896 986 -303 -685 922 491 767 505 422 -863 16 -208 884 788 44 -441 853
-453 -711 -292 894 -756 -815 -622 -198 214 781 -334 25 -18 -584 -452 606 -974 -218 428 478 -502 -723 584 480 -708 -135 -72 -749 -205 -112 -660 925
548 -92 229 -876 -62 -987 325 553 495 549 54 400 -600 33 634 906 467 -625 146 607 -92 965 777 -396 -661 -179 221 227 -191 393 -975 337
-753 -333 20 -322 -711 686 -80 312 676 -528 107 188 -96 635 -436 562 -98 625 -985 -134 44 801 658 507 739 445 124 824 -902
765 211 814 -49 -549 361 -641 -814 165 904 751 -633 662 -668 793 885 83 574 94 -313 484 -695 -497 308 856 -298 -960 -48 -916 -232 96 -822 -62 604 -19 212 -803 280 -345 685 -355 390 -459
822 252 -147 -557 711 -211 620 -189 174 -390 309 -146 -917 851 402 -821 -350 284 961 -101 228 -59 -663 -933 -622 397 734 407 -655 -714 286 68 -366 -603 6 -481 779 974 822 -895 -222 -392 586 474 -409 431 316 170 -605 -746 215 -435 -150 -956 250 -297
27 -581 -226 -768 -657 -79 -773 826 -34 213 211 515 -510 -658 240 220 510 952 941 -602 701 -621 104 643 -617 214 144 7 -286 764 642 121 -757 543 338 45 -876 -92 -281 236 -423 -987 -713 -552 85 -745 -923 -647 -601 992 470 189 806 -694 -757 460 182 -625 284 -787 423 -883 -112 -323 539 -94 -588 956 -880 -30
-730 254 212 -449 -799 985 -999 675 698 -51 -524 -936 -125 431 615 139 -695 111 -528 436 302 -338 -796 -942 459 850 -670 -479 757 -567 -749 56 270 406 366 927 182 -485 935 832 -309 -938 -22 -199 -124 270 237 312 655 102
-206 -794 498 -482 897 -82 -455 -148 992 821 788 -951 -668 -808 -503 829 171 423 -902 834 -818 -223 -952 -732 317 691 976 869 -999 -301 884 510 760 838 -73 -696 -696 52 845 -701 245 -305 -225 183 -495 -602 182 -479 -434 -401 236 976 -205 289 -800 615 955 147 -842 391 -743 610 584 570 -42 -280 -136 -494 -249
-996 -558 414 780 -632 -19 457 772 -115 -540 899 -532 -566 -314 204 251 -847 -56 922 880 528 851 633 21 -367 -264 470 -627 -840 -175 -288 591 -319 -473 561 -473 -981 569 -792 488 -50 -643 687
600 -113 755 312 -18 -177 -912 -115 -559 -893 -292 -864 756 -677 -29 -633 799 -212 -223 -526 -486 524 436 129 447 -76 -431 142 -145 -787 -214 66 -432 -895 -433 249 439 -11 -191 386 778 209 -664 352 -614 533 -892 -842 -452 -347 -162 234 -703 -281 597 546 -43 179 85 204 -309 -295 -630 -626 232 -948 -246 -579 -563
-853 -312 -830 -431 558 -935 956 64 819 718 -620 122 -647 -315 186 496 117 459 430 -622 451 129 -807 280 -476 -185 -636 -833 724 815 -24 -997 -412 806 -536 -794 -181 678 989 -972 212 823 -859 -454
-927 170 841 954 996 267 -657 -221 -786 -833 125 -816 -376 767 -733 -323 364 726 -461 -36 -652 650 -582 965 -80 -814 32 -84 -694 -693 911 -913 -498 -665 730 -124 971 1 668 512 464 868 377 -235 -262 -963 -256 -121 797 375 -253 846 -877 518 -474 503 96 654 -283 -751 -813 -697 537 -891 -987 -428 -386 637 4
262 884 -884 -778 -607 644 564 -359 152 -517 -206 456 -783 -502 490 -281 632 857 -200 717 -418 551 285 -688 680 -107 555 -97 -806 860
-491 928 755 775 233 -605 11 999 669 -711 651 -833 -739 -325 187 -364 662 -348 708 723 -27 -94 445 85 224 244 528 -846 -909 878 738 212 940 969 -712 -978 862 -119 937 -8 -411 542 129 -33 -470 272 797 -37 30 -557 -499 -583 619 -502 -349 923 989 311 783 -745 -196 552
-805 325 -983 556 -857 954 805 428 -489 -799 628 -953 10 993 -88 -204 370 -729 -915 -590 -213 837 769 -135 -196 992 374 -215 -393
-967 320 -695 56 -675 861 384 440 -833 851 -444 -815 421 -639 -116 -616 348 807 -786 535 342 -59 -860 761 -278 -733 -25 401 -772 858 -996 -707 329 765 921 454 958 -852 -897 -373 169 997
336 -6 84 -563 -331 -545 761 771 548 90 -176 -945 838 -759 388 610 208 -639 898 -660 300 -821 656 892 -863 -719 -2 -827 -974 -888 794 -500 666 423 -337 -832 392 -914 -337
-784 -54 555 -247 243 -372 -509 902 -835 -234 -539 -509 -989 229 -503 164 539 -965 600 -404 -468 -801 456 -119 -945 242 -223 -443 34 -603 -157 119 -443 40 306 993 -230 650 -933 -587 269 -829 717 -48 -434 527 108 912 -391 248 -213 -394 492 -562 -597 309 -619 -311 701
524 -915 -769 151 642 -227 758 -65 352 -1000 592 -925 585 -721 -909 859 435 -287 717 -832 100 118 138 -620 144 675 224 873 517 -838 -644 924 710 -546 -92 -198
-487 -746 421 -935 979 750 918 704 580 741 -790 704 -45 -428 0 458 -413 484 -896 726 -646 -827 -232 188 750 365 -674 487 811 146 727 609 641 592 -588 -844 826 -48 474 -238 51 -964 60 44 155 907 160 355 260 504 362 -991 -303 -261 35 336 672 -722 601 -810 -263 -834 490 -405 464 842
-668 836 -790 -178 206 208 -497 -560 569 631 694 -488 768 610 -805 -894 275 -247 -599 -48 937 374 808 93 210 -824 -223 -922 204 -763 795 193 -474 -126 35 -938 -613
-432 -81 -910 736 756 223 65 -903 -481 726 659 482 -29 20 539 893 751 887 585 -398 736 760 486 -696 -709 968 -993 -351 -828 -781 672 -144
-840 111 223 306 207 300 -284 -678 919 23 474 447 -235 152 845 2 -46 -906 -522 -476 -727 -294 62 93 732 259 813 -908 623 -41 -944 456 866 768 -432 347 -311 808 -964 204 -540 -190 -556 974 -34 -444 -518 -375 740 927
970 625 619 -837 908 666 751 -394 -330 -46 -23 242 -381 -433 -857 -44 479 -126 20 631 583 317 -280 663 923 -108 688 -298 -632 -91 706 288 -332 517 -985 -342 737 208 -534 -391 377 123 104 712 852 457 39 -457 40 814 -768 -653 -535 392 140 -248 47 -87 -956 635 665 10 61 383 341 -300
-15 589 -747 -92 -991 -601 269 -223 -373 -205 -331 618 -768 -745 -972 254 971 28 -453 -799 547 -260 -629 -656 508
591 -192 622 -802 -743 754 -717 534 -217 -966 -100 909 996 -812 137 211 -832 352 385 705 828 -17 -695 -384 724 588 19 -984 -811 -749 229 -799 -541 -880 -147 806 -970 -77 -270 -787 878 837 241 236
329 51 -389 -814 35 -718 774 180 499 293 -747 776 -813 -726 -170 860 92 -300 -657 -180 -551 465 -817 -706 -159 -711 658 717 -474 285 312 -301 -13 509 459 -813 200 217 -650 -916 900 -937 -701
743 129 -615 -951 262 -347 -420 -145 604 -261 778 599 -128 409 -892 -202 790 54 216 -570 206 -69 -191 -399 -990 658 -333 80 587 491 43 -732
847 -927 859 282 -379 -408 -503 1 56 -557 623 -784 410 -452 392 120 -852 576 313 -595 951 -881 -568 -308 495 913 -699 -182 234 -205 288 -276 -731 -945 -824 655 621 419 -421 462 500 -829 -562 -425 -85 234 -134 439 425 -209 685 516 692 -484 995 182 884 444 -910 801 273
272 572 141 -25 68 -692 -483 763 853 117 -598 -426 -572 195 764 -790 -64 131 -197 -229 904 559 -110 -713 -734 -698 -350 32 -584 -304 -412 -769 274 -599 -444 -780 243 150 73 -530 -161 -596 728 -326 107 36 -532 -498 570 786 -81 -776
193 222 -358 276 938 515 681 -315 -107 567 -311 161 -976 -192 -121 541 -327 -610 826 -566 -475 880 -132 -320 -535 563 -250 295 963 949 -368 604 363 -117 953 -483 -709 898 967 960 587 816 -911 -631 -213 -513
-29 -165 554 -18 -605 -886 -381 234 317 598 -261 -714 462 -251 -548 -692 676 -721 -632 27 634 627 -729 -627 664 548 -271 -277 952 286 778 904 -837 -842 -133 -164 -53 -62 -607 529 -157 -123 278 636 370 -413 422 -487 -466 -755 -128 -808 -350
-895 -785 -113 498 115 179 770 -17 -287 -910 -935 16 -86 880 103 -407 -20 121 920 -423 277 845 528 -200 -429 -916 -744 382 -512 -69 -364 573 153 -501 -999 999 204 206 -730 -143 92 -542 -62 -176 888 -440 -510 858 -91 370 76 839 513 186 154 675 -336 998 -395 398 656
-425 941 -563 615 443 441 586 676 771 -603 -59 966 475 137 727 290 -771 -986 -160 949 -493 -693 490 970 -573 -721 909 -854 653 -192 198 -21 -574 84 -161 630 -253 231 -253 -676 257 453 -250 -622 -330 820 -294 129 245 103 91 -419 -296 -340 977 214 -831 143 -614 -595 -476 -973 225
201 944 -132 991 -624 -634 837 720 -852 -429 46 327 -960 554 -181 -259 -29 -742 741 -523 298 -590 508 851 437 432 -411 -561 503 -337 978 84 -507 300 -111 840 -203 361 865 -675 170 -981 -906 22 922 307 -752 191 831 -451 -571 961 -477 -647 -545 594 526 105 -10 213 -928 489 137 -496 33 205
539 -809 984 634 -382 -269 -822 -403 -909 406 -848 -168 -730 -33 646 990 -889 138 -126 -390 978 692 -926 -856 470
934 975 -577 458 -25 -759 -429 411 132 306 -607 -598 859 -460 -164 170 902 280 188 -848 -388 484 -724 179 875 -466 -94 648 -159 446 206 959 525 -144 -770 -322 -514 -505 554 -836 -411 -369 -69 234 -209 -993 782 979 -405 -317 -701 817 101 -10 365 -236 -354 699 779
-953 -124 -444 211 174 941 -584 637 -63 -782 691 -190 -725 -140 -886 573 694 -156 -707 -858 529 994 -941 498 -437 452 -142 0 -761 -446 440 405 -701 599 34 133 -481 -645 -65 514 -30 -891 -579 -595 -97 262 -160 174 -194 -451 -464 485 -650 794 -4 867 178 -31 -260 -903 -459 126 94 436 18 196 271
809 -892 -650 -608 908 -381 263 -342 560 -992 24 583 589 -162 219 830 858 168 -984 -936 793 -507 -850 731 -891 731 490 185 -568 -26 -989 833 -716 731 675 459 56 870 861
-114 886 -809 933 -516 -352 552 615 619 359 53 645 608 261 645 -178 677 128 226 -548 983 753 -756 112 621 566 -329 -906 -658 -21 -107 -192 -699 13 -785 411 -281 870 -764 -900 -239 -518 871 670 -277 -746 343 -295 -167 360 -104 -644 -221 822 -162 -986
385 -209 -137 393 -269 674 -95 -821 -30 -721 451 199 445 -400 976 -69 -248 -802 412 -583 -318 489 -254 424 880 -845 -48 316 -47 317 -50 -825 983 -328 -440 -352 -128 -352 375 -678 -314 21 454 -167 837 146 -244 206 250 979 280 873 -816 5 -333 -852 891 725 1 -129 -277
969 682 110 584 -769 -38 446 -583 912 -35 -90 -404 898 482 77 -96 587 -545 -860 -215 -798 503 -898 247 -364 979 -478 -907 -82 688 220 373 575 45 471 198 541 -519 -342 225 485 214 -945 616 804 946 566 -619 494
-441 693 -290 -50 802 -411 322 -11 858 599 -385 -994 -787 -188 376 350 725 -361 -247 -582 208 -213 493 -365 754 -872 717 -663 99 -506 -508 -926 817 547 -370 -715 869 -911 -32 526 909 200 -276 -695 -269 646 -847 384 -835 -214 592 502 -19 -980 -453 893 -922 -957 639 749 97 554 178 -104 -807 -806 -425 -103 466 -677 -545 -566 -986 -982
48 -430 881 -529 515 -526 57 -956 -971 794 280 -70 -12 -374 461 -475 333 403 -891 508 -292 508 -642 204 225 -251 -312 -318 -384 -938 453 242 -412 920 847 368 134 647 -170 153 -399 37 524 455 856 -855 -240 575 979 914 -313 957 966 445 176 587 -38 935 667 -804 -223 -914 676 -422 -925 -697 671 -305 471 787 -375 600 -39 -814
215 282 587 835 836 680 167 571 641 -425 -273 365 491 412 693 444 140 -163 -455 -39 661 502 -316 -510 -160 -135 -145 -19 -690 243 27 778 -666 -404 -885
-322 581 -757 -281 852 -304 -261 -876 931 -848 -693 -691 132 371 -369 -663 169 585 -817 801 -662 0 16 -242 -196 880 322 527 -265 -373 -188 -25 -186 79 -170 -295 130 -356 930 898 -499 281 478 -190 918 877 317 343 441 -722 -715 683 78 -269 -834 -610 -57 -764 -172 -396
603 945 -309 -200 483 -853 646 -583 594 -100 945 -938 308 494 -949 -885 -92 279 -565 816 951 -137 861 465 111 -149 315 -407 789 -150 725 47 311 -931 -827 939 -132 -944 -948 622 855 -687 -289 597 -253 -455 343 891 244 628 576
199 607 -730 -234 806 587 -103 408 70 -29 924 -866 -917 -120 -480 319 -619 -459 326 -833 639 844 590 -583 900 757 509 212 369 -930 649 202 -12 357 -468 -812 402 -870 126 -969 -543 644 -255 -860 -721 -871 -604 -6 -994 -149 703 945 459 -62 760 563 608 -620 -433 340 -520 -248 -295 865 -787 886 -629 962 -842 -925 -252 636 645 47 656
401 247 -868 680 494 -162 698 -198 -668 -873 -942 -291 663 -608 -789 -353 -484 -796 -591 372 246 108 712 -232 987 -276 6 -225 -609 -134 -976 -518 151 -990 506
-611 -564 -656 -538 -136 25 886 505 111 394 859 108 -91 221 -305 2 -577 557 -733 -568 760 -689 -120 -539 -764 574 -72 -820 -167 550 568 328 -637 -139 69 692 890 202 507 -207 -936 362 806 -312 428 -4 -624 -790 926 840 300 -466 -655 426 550 781 -278 -797 -697 -996 -525 232 828 178
-652 -650 -959 508 400 -416 757 321 -527 -562 634 -250 -340 739 372 -67 -664 886 644 269 -446 -69 999 -715 850 -691 972 -87 79 899 546 -504 437 494 54 -508 873 -484 -420 -308 831 -340 743 -674 654 -346 -650 491 758 -708 -379 484 6 473 331 259 -350 671
-437 542 492 864 351 -891 -447 -849 666 -423 -889 -286 -986 109 -830 373 -915 68 244 781 523 -672 652 -66 714 -9 484 273
687 -534 -551 -900 346 794 934 -369 285 -525 44 147 -167 -643 210 -651 575 796 411 970 285 84 -124 -629 -331 -236 -945 -727 -721 -611 -778 -648 -34 762 -709 306 397 933 -543 855 676 -174 -196 -919 671 -90 -165 -211 556 -31 981 548 121 791 691 -911 -202 -817 989 635 96 -192 77 326 -444 -494 561 166 725 -433 696